16 5
0
24 318 356
56 126 563
87 340 567
97 229 341
153 294 271
36
24 324 404
56 126 563
87 340 567
97 210 395
153 297 266
79
24 -4 191
56 126 563
87 340 567
97 528 185
153 297 266
118
24 330 389
56 126 563
87 340 567
97 229 383
153 297 266
155
24 64 209
56 126 563
87 340 567
97 515 215
153 297 266
194
24 411 400
56 126 563
87 340 567
97 170 397
153 297 266
236
24 9 81
56 126 563
87 340 567
97 499 75
153 297 266
275
24 366 321
56 126 563
87 340 567
97 234 374
153 297 266
312
24 22 108
56 126 563
87 340 567
97 522 146
153 297 266
352
24 364 347
56 126 563
87 340 567
97 281 332
153 297 266
397
24 17 149
56 126 563
87 340 567
97 538 122
153 294 271
431
24 348 356
56 126 563
87 340 567
97 268 326
153 294 271
473
24 -9 154
56 126 563
87 340 567
97 507 164
153 294 271
519
24 388 425
56 126 563
87 340 567
97 126 371
153 294 271
548
24 -67 154
56 126 563
87 340 567
97 499 188
153 294 271
589
24 318 356
56 126 563
87 340 567
97 229 341
153 294 271
