17 6
0
6 237 52
24 6 223
56 202 588
87 358 600
97 575 205
153 276 232
14
6 261 25
24 33 239
56 189 449
87 343 560
97 490 162
153 273 240
38
6 261 25
24 33 239
56 204 573
87 337 451
97 490 162
153 273 240
76
6 261 25
24 33 239
56 218 430
87 343 567
97 490 162
153 273 240
118
6 261 25
24 289 285
56 213 560
87 330 440
97 247 247
153 273 240
156
6 261 25
24 289 285
56 220 431
87 327 582
97 247 247
153 273 240
199
6 261 25
24 -24 253
56 220 575
87 326 448
97 481 231
153 265 241
233
6 255 141
24 -24 253
56 215 442
87 339 563
97 481 231
153 265 241
275
6 239 -40
24 -24 253
56 197 575
87 319 451
97 481 231
153 265 241
312
6 245 75
24 -24 253
56 192 433
87 342 576
97 481 231
153 265 241
346
6 245 75
24 327 241
56 187 578
87 329 443
97 536 226
153 265 241
383
6 237 52
24 -38 237
56 194 454
87 326 588
97 231 237
153 265 241
418
6 237 52
24 287 235
56 196 584
87 322 422
97 501 212
153 265 241
466
6 237 52
24 3 223
56 197 392
87 347 570
97 181 224
153 265 241
508
6 237 52
24 330 223
56 192 576
87 343 398
97 557 224
153 276 232
550
6 237 52
24 6 223
56 197 354
87 358 600
97 215 218
153 276 232
586
6 237 52
24 6 223
56 202 588
87 358 600
97 575 205
153 276 232
