16 4
0
24 -67 523
56 126 563
87 340 567
97 409 -93
40
24 22 258
56 126 563
87 340 567
97 461 250
79
24 20 348
56 126 563
87 340 567
97 441 379
117
24 19 110
56 126 563
87 340 567
97 459 105
158
24 -16 469
56 126 563
87 340 567
97 462 474
196
24 -1 169
56 126 563
87 340 567
97 530 147
240
24 -4 28
56 126 563
87 340 567
97 514 49
275
24 -11 -64
56 126 563
87 340 567
97 509 -75
314
24 -24 525
56 126 563
87 340 567
97 509 -75
354
24 -83 -87
56 126 563
87 340 567
97 481 436
394
24 -112 508
56 126 563
87 340 567
97 530 -161
429
24 -72 132
56 126 563
87 340 567
97 507 241
474
24 -77 277
56 126 563
87 340 567
97 506 95
513
24 -51 28
56 126 563
87 340 567
97 514 305
552
24 -51 28
56 126 563
87 340 567
97 419 456
586
24 -67 523
56 126 563
87 340 567
97 409 -93
